2
5 22
10 14
20 24
30 34
40 44
50 54
1 16 51 42 53 35 43 3 50 41 52 14 43 2 4 29 18 27 4 23 42 37
1 100
1 100
32 25 9 31 17 32 24 52 30 27 40 3 46 60 18 13 59 33 4 4 34 44 15 52 56 57 32 5 47 39 56 33 43 13 12 55 48 52 22 9 42 27 59 41 37 16 39 37 12 14 59 57 1 42 43 59 12 34 25 8 11 25 38 38 1 22 37 11 34 13 41 47 12 51 23 38 54 9 12 51 51 47 2 53 20 46 38 33 45 30 14 14 58 30 34 26 23 51 48 33
1 100
1 100
19 60 42 30 38 13 42 41 8 36 39 11 55 47 4 39 35 49 4 40 27 30 45 28 57 19 36 20 15 44 51 18 1 47 22 54 3 10 20 38 50 20 8 6 39 44 28 21 55 38 58 16 56 56 51 8 10 39 19 37 36 49 10 20 43 49 1 55 24 6 39 30 27 34 57 3 43 28 24 29 29 56 34 19 7 3 54 52 40 29 7 37 59 7 41 56 11 44 45 32
1 100
1 100
11 27 44 52 18 50 42 8 55 11 4 3 50 53 14 54 42 38 27 54 2 35 8 59 59 8 12 33 4 31 38 59 18 10 39 49 3 3 23 9 52 34 15 18 51 19 16 55 8 31 53 50 17 4 44 34 45 21 60 37 6 55 31 47 51 51 9 31 36 52 52 3 24 31 31 45 25 55 7 58 34 8 42 53 5 45 17 21 50 3 31 4 51 31 52 36 38 51 3 24


2
5 4
1 2
6 7
9 12
24 24
41 50
14 24 24 4
1 1
42 42
24
